  11110100100
  21111111111
  31110101010
  41010000000
  50101000000
  61111000000
  71111010000
  81110010010
  91111000010
 101111100000
 110111100000
 121101100000
 131111110010
 141110101100
 151111110000
 161110111000
 171100000000
 181110101000
 191111100000
 200111011000
 211111010000
 221011000000
 231110000000
 241111001010
 251110110101
 260111110000
 271111110001
 281110010000
 291101100000
 301011110100
 310010010000
 321111101000
 331111110100
 341111100000
 351111111000
 361111110000
 371101000000
 380110101000
 391111100010
 401111111101
 411111000000
 421110000010
 431111101001
 441111101110
 451111110001
 461111000000
 471111110000
 481011000000
 491111110100
 501111100000
 511011001000
 521111111101
 531101001000
 540110000000
 550010010000
 560111111000
 571111100000
 581111010000
 591111010011
 601111000000
 611111100000
 621111100001
 630111101000
 641111000000
 651111010101
 661111111100
 671000000000
 681100000000
 690111100001
 701111100000
 711111110100
 721111000000
 731101001000
 741111101101
 751101000000
 761101100000
 771010000000
 781111111000
 791111000010
 800110010000
 811111100000
 821111000000
 831101100000
 841111110000
 851111000000
 861111010110
 871111100001
 881111110000
 891111010010
 901011100000
 910101000000
 921101000000
 931100001000
 941111111100
 951111011000
 961111100000
 971111010000
 981111000000
 991001110000
1001111111010
1011011110011
1021111110101
1031110100000
1041110000000
1051111111110
1061101000000
1070011010000
1081111110011
1090110000000
1101111110000
1111110000000
1121101010000
1131011000000
1141111001000
1151111111000
1161100000000
1171101110000
1181111100000
1191111111011
1201110010000
1211011100000
1221111010100
1231111111101
1241111010000
1251111110010
1261111100000
1271010110000
1280111010000
1290011100000
1301111111001
1311111010000
1321111110100
1331111110000
1341111000010
1351110000000
1361111010000
1371111000001
1381110100000
1391111000000
1401111100000
1411111000010
1421111000000
1431000000000
1441110000000
1451110100010
1461100101000
1471111110010
1481111000000
1491111110100
1501111110000
1511101110000
1521111101000
1531111000100
1541111000000
1551111110100
1561110000100
1571010000000
1581110000000
1591111111111
1601110100000
1611111101000
1620110000000
1631010000000
1641000010000
1651111100000
1661111110000
1671010000000
1681111100000
1691111110010
1700011100000
1711111011001
1721101000000
1731111001000
1740101010000
1751110100000
1761111100001
1771111110000
1781111000100
1791111110000
1801111000000
1811111100000
1820111100000
1831011000000
1841111111110
1851111000101
1860111000000
1871111000000
1881111111100
1891010101000
1900110110100
1911111111000
1921110010000
1931011000100
1940101000000
1951110111000
1961111000010
1971011000000
1981111100000
1991110000000
2001111101110
2010111100000
2021000010010
2031111010000
2040111000100
2051110100000
2061010000000
2071110001000
2080110000000
2091110010001
2100111000000
2111101110100
2121111100000
2131111000000
2141111011011
2151111111011
2161111001000
2171111100000
2181011010001
2191111100000
2201101100000
2211110100000
2221100100000
2231111101000
2241111110000
2251111110000
2261111001000
2271110110100
2281101110000
2291111100000
2301111000100
2310111110000
2320010000000
2331111110000
2341110010000
2350111100000
2361111111000
2370000000000
2381111111000
2391010100011
2401111111000
2411111100001
2421110011000
2431010000100
2441111100000
2451101000000
2461101100000
2471111011001
2481010110101
2491111100000
2501111111001
2511001100000
2521111010000
2530101111000
2541101110100
2551101100000
2561100010000
2571111011100
2581111110110
2591110001000
2601111110010
2611011111000
2621111101000
2631111111000
2641111110100
2651111101010
2661101000000
2671111111000
2681111110000
2691101101000
2701111101101
2711111110000
2721111010000
2731111110010
2741100000000
2751110010000
2760111110000
2771111100100
2781111100000
2791111110000
2801111000000
2811101010000
2821111101100
2831011100000
2841111010000
2851111111000
2861110100101
2871111111000
2881111001001
2891111100110
2901111100000
2911111100100
2921111000100
2931111100001
2941111110000
2951111101100
2961111001100
2971011000000
2981111000010
2991011000000
3001111100000
